0 
2 4 5 7 10 11 12 13 14 17 18 19 20 26 27 30 32 33 35 38 40 41 42 46 48 50 51 53 54 55 57 58 61 62 67 69 73 75 78 79 83 84 87 88 89 90 92 97 101 103 106 108 115 116 118 123 124 125 132 137 138 139 140 142 143 146 147 153 154 158 159 160 161 163 164 167 169 171 178 179 181 183 189 190 191 197 199 
1
2 7 8 11 20 21 23 24 25 29 35 36 49 52 60 63 64 65 66 68 72 74 76 77 80 81 85 86 91 93 99 100 102 105 109 111 113 114 116 117 119 120 122 123 126 127 129 130 131 134 136 141 148 149 152 153 157 159 164 166 168 170 172 173 177 180 184 186 188 193 194 195 196 
2
0 1 8 11 16 20 21 23 24 25 28 34 35 36 49 52 56 59 60 63 64 65 66 68 70 71 74 75 76 80 81 83 85 86 91 93 95 100 102 104 105 110 113 114 116 117 119 120 121 122 123 131 133 134 135 136 141 144 145 148 149 152 153 156 157 159 162 164 168 170 172 176 179 180 184 186 190 193 194 195 198 
3
4 5 6 9 10 12 14 15 27 30 31 32 33 35 36 37 39 40 41 42 44 45 46 47 48 50 51 53 54 55 57 58 62 67 73 76 79 80 82 87 92 97 102 103 106 107 108 113 115 118 124 125 126 128 132 138 139 140 142 143 146 147 150 154 155 158 161 163 167 169 174 178 179 182 183 185 189 191 192 197 
4
0 3 5 7 8 9 10 12 14 15 17 18 21 26 27 30 32 33 37 40 41 42 44 45 46 47 48 50 51 53 54 57 58 61 62 67 69 73 79 87 88 90 92 101 107 108 115 117 118 123 124 126 128 132 134 137 138 142 146 147 150 155 158 163 167 169 171 178 179 181 182 185 187 189 190 192 196 197 199 
5
0 3 4 6 7 9 10 13 14 15 17 18 19 26 27 31 32 33 37 38 39 40 41 42 46 48 50 53 54 55 58 61 62 67 69 78 79 82 87 88 89 90 92 96 97 101 103 106 107 118 125 126 132 136 137 138 139 140 142 143 146 150 154 155 158 167 169 171 174 175 179 181 183 185 187 189 190 191 192 197 199 
6
3 5 7 9 10 12 13 14 15 16 17 18 19 22 24 26 27 31 32 33 38 39 42 45 46 47 48 50 51 53 54 57 60 62 70 73 74 79 82 84 87 88 90 92 94 95 97 101 107 108 118 124 125 128 132 140 143 147 150 154 155 161 163 167 169 174 175 178 179 181 183 187 189 191 192 197 199 
7
0 1 4 5 6 9 12 13 15 17 18 26 27 30 31 32 33 37 39 40 41 42 44 46 47 48 51 53 54 55 56 57 58 61 62 68 69 73 76 78 79 82 83 84 87 88 90 92 94 103 106 107 108 115 118 125 126 128 132 138 139 142 143 146 147 150 155 158 160 163 167 169 171 173 174 175 179 181 182 185 188 189 191 192 196 197 199 
8
1 2 4 18 20 21 22 24 25 29 34 43 49 56 59 63 65 66 68 70 73 74 77 79 80 81 83 91 93 95 96 98 99 100 101 102 104 105 109 110 111 113 114 116 117 119 121 122 123 127 133 134 135 136 141 144 146 148 149 151 152 153 159 162 164 165 166 168 170 172 176 177 184 186 188 192 194 196 198 
9
3 4 5 6 7 12 14 15 17 19 27 30 31 37 38 39 42 43 46 48 50 51 54 55 58 61 62 67 69 70 79 82 84 87 88 89 90 92 94 95 97 98 101 103 106 108 110 118 124 125 126 128 132 138 139 141 144 147 150 154 155 158 160 161 163 166 167 175 178 181 183 185 187 190 191 192 199 
10
0 3 4 5 6 12 17 18 19 26 27 30 37 38 39 40 41 42 45 53 54 55 60 61 62 63 67 73 79 82 83 88 89 92 94 95 97 103 106 115 124 125 126 128 138 139 142 143 146 150 154 155 158 160 164 167 169 170 171 174 176 181 182 183 185 187 189 190 191 192 196 197 199 
11
0 1 2 16 21 23 24 25 34 35 36 43 49 52 56 58 60 63 64 65 66 68 70 71 72 75 76 77 80 81 83 85 86 91 95 96 98 99 100 102 109 110 111 112 113 114 116 117 119 121 122 127 130 131 133 134 136 141 144 145 148 149 151 153 156 157 159 160 162 168 170 172 173 176 177 180 184 185 186 193 194 195 
12
0 3 4 6 7 9 10 14 15 17 18 19 26 27 30 31 32 37 38 39 40 41 42 44 45 46 48 50 57 58 62 69 73 78 79 82 84 88 89 90 92 101 102 107 115 118 122 124 126 128 132 138 140 142 143 146 155 160 161 163 167 169 170 171 174 175 177 178 179 181 189 190 191 199 
13
0 5 6 7 14 15 17 18 19 26 27 31 32 33 34 38 39 42 44 45 46 48 50 51 53 55 57 58 59 69 73 74 78 79 82 87 88 90 91 92 93 94 97 101 103 106 107 108 115 118 126 132 137 138 139 142 143 147 150 151 154 158 160 161 163 167 169 171 174 175 181 182 183 187 189 191 197 199 
14
0 3 4 5 6 9 12 13 17 18 19 20 26 30 31 32 37 42 45 46 47 48 50 51 54 58 61 62 67 73 78 79 82 84 87 88 89 90 92 94 97 101 103 106 107 115 118 120 126 132 137 139 140 142 143 147 150 154 155 158 160 161 163 167 169 171 175 178 179 181 182 187 190 191 192 197 199 
15
3 4 5 6 7 9 12 13 17 18 19 26 27 30 31 33 37 38 39 40 42 44 45 46 47 48 50 53 57 58 67 69 76 78 79 82 84 88 89 90 92 97 101 103 107 108 115 118 128 132 135 137 138 139 140 141 142 143 146 147 150 155 160 161 163 169 171 174 175 181 182 190 191 192 196 197 199 
16
2 6 11 20 21 22 23 24 29 34 36 44 49 52 56 59 63 64 66 68 70 71 72 76 77 83 85 91 99 100 104 105 111 112 114 116 117 120 121 122 123 127 130 131 133 134 144 145 149 151 152 156 159 161 162 164 165 166 170 172 176 177 180 192 193 194 196 198 
17
0 4 5 6 7 9 10 12 13 14 15 18 19 20 26 27 30 31 33 37 38 45 46 48 50 51 53 54 55 58 62 66 69 70 73 78 79 82 84 87 88 89 90 92 97 103 106 107 108 115 118 119 124 125 126 128 132 137 138 139 143 147 150 154 160 161 167 169 171 174 175 178 179 181 182 183 185 187 190 192 
18
0 4 5 6 7 8 10 12 13 14 15 17 19 26 27 30 31 37 38 39 40 41 42 43 44 45 47 48 50 53 54 55 57 58 61 62 67 68 73 77 78 79 84 88 90 92 94 97 103 106 119 124 125 126 128 138 140 146 147 150 154 155 158 160 163 167 171 174 177 181 183 185 189 190 192 195 197 199 
19
0 5 6 9 10 12 13 14 15 17 18 26 27 30 31 32 33 37 38 39 41 44 45 46 48 50 54 55 57 58 61 69 73 78 79 84 87 88 89 92 94 100 101 103 106 107 115 118 124 125 126 128 137 138 139 140 142 146 147 153 154 155 158 160 161 163 169 171 175 178 179 182 183 185 187 189 190 191 192 197 199 
20
0 1 2 8 14 16 17 21 24 25 28 29 34 35 43 49 52 56 59 60 63 64 65 66 71 72 76 80 85 91 92 95 96 98 99 100 102 104 105 109 110 111 114 115 117 119 122 130 131 134 135 136 144 148 151 152 153 156 157 159 160 162 164 165 166 168 173 180 183 188 194 195 
21
1 2 4 8 11 16 20 22 23 24 25 28 29 34 36 37 40 49 52 59 60 63 64 65 66 70 71 74 75 76 80 81 83 86 89 93 95 96 98 99 102 104 105 109 112 113 116 117 119 120 121 127 129 130 131 133 134 136 141 144 145 147 149 151 152 153 157 162 164 168 170 176 177 180 184 188 193 194 198 
22
6 8 16 21 25 28 29 34 35 36 43 56 59 60 63 64 65 66 68 71 72 74 75 76 77 79 81 85 89 91 95 96 98 100 102 104 109 111 112 113 114 116 119 120 121 122 129 130 131 133 135 136 141 145 148 151 152 153 157 164 166 170 172 173 176 177 180 186 188 193 194 195 196 198 
23
1 2 11 16 21 24 25 28 35 36 43 49 56 59 60 63 64 66 68 70 71 72 73 74 77 80 81 83 86 93 95 98 100 105 109 110 111 112 113 114 116 119 122 123 127 129 130 133 134 135 136 141 144 145 149 151 153 156 159 160 164 165 168 170 171 173 177 180 186 194 195 196 
24
1 2 6 8 11 16 20 21 23 25 28 29 34 35 43 49 52 56 59 60 63 64 65 66 68 70 71 72 73 74 77 80 82 85 86 90 93 95 96 99 100 102 104 105 109 110 111 112 113 114 116 117 119 120 121 122 123 128 129 130 133 135 137 141 144 148 149 153 156 157 159 162 164 165 168 170 172 173 176 177 180 184 186 193 194 195 197 198 
25
1 2 8 11 20 21 22 23 24 28 29 32 34 35 38 39 49 52 59 62 64 65 66 68 72 76 80 81 82 83 85 86 88 91 93 95 98 99 102 104 105 109 112 113 114 116 117 120 121 122 127 131 135 136 138 145 147 151 157 159 162 164 165 167 168 170 172 173 176 177 184 188 191 193 194 195 
26
0 4 5 6 7 10 12 13 14 15 17 18 19 27 31 32 33 37 38 41 42 45 46 47 48 50 51 55 57 58 62 67 70 73 78 82 84 89 90 92 93 97 98 99 101 102 103 106 107 108 112 115 124 126 128 138 142 143 146 147 150 154 155 158 160 161 163 169 171 174 178 179 180 181 182 183 185 189 191 192 197 199 
27
0 3 4 5 6 7 9 10 12 13 15 17 18 19 26 28 30 31 32 33 37 38 39 40 42 44 45 46 48 50 53 54 55 56 57 58 61 62 67 69 73 75 78 82 84 87 89 90 92 94 97 101 115 116 118 124 125 126 128 137 138 139 142 143 146 147 150 155 158 160 161 167 171 174 178 179 182 183 185 187 189 190 197 198 
28
2 20 21 22 23 24 25 27 33 35 36 41 43 44 49 59 60 62 63 64 65 66 68 70 71 74 75 76 77 80 81 85 91 95 96 98 99 102 104 105 109 110 111 112 113 114 115 116 117 119 120 121 122 123 129 130 131 132 133 134 135 136 141 144 145 148 149 151 152 153 156 162 164 165 166 168 170 172 173 177 178 180 188 194 195 196 198 
29
1 8 16 20 21 22 24 25 35 36 49 56 59 60 62 64 65 68 71 72 74 75 76 81 83 85 86 91 93 95 96 98 100 102 105 110 112 113 114 116 117 119 120 121 127 129 130 131 133 134 135 139 141 143 144 145 147 148 149 150 151 152 154 157 159 162 164 166 168 170 172 173 176 177 180 183 184 186 188 194 195 198 
30
0 3 4 7 9 10 12 14 15 17 18 19 27 33 37 38 39 41 42 44 47 50 51 53 54 55 57 58 61 67 76 82 84 87 88 89 90 92 101 103 106 108 110 115 118 128 131 139 140 143 146 147 150 155 158 161 163 167 169 171 174 175 179 181 185 187 190 191 196 197 199 
31
3 5 6 7 9 12 13 14 15 17 18 19 26 27 32 33 36 37 39 40 41 42 44 46 47 50 53 54 55 57 58 61 62 63 67 69 73 78 79 80 82 84 87 88 89 92 93 94 97 100 101 103 106 107 112 115 118 124 125 128 132 137 138 139 140 142 143 144 146 153 154 155 158 160 161 163 164 167 171 174 175 179 181 185 191 197 199 
32
0 3 4 5 6 7 12 13 14 19 25 26 27 31 33 37 38 39 40 42 44 46 47 48 50 51 54 57 61 62 70 73 79 82 83 84 88 89 90 92 99 101 103 106 108 115 118 124 126 128 132 137 139 140 142 143 147 150 151 154 155 158 159 160 161 163 169 171 174 175 178 179 181 182 183 184 185 187 189 190 191 197 199 
33
0 3 4 5 6 7 13 15 17 19 26 27 28 30 31 32 37 39 40 41 42 44 46 47 50 54 55 57 58 61 62 67 69 73 79 82 87 88 89 90 97 101 102 103 107 118 125 132 138 139 140 143 146 147 149 150 154 155 158 160 161 163 167 171 174 175 178 181 182 183 185 187 191 192 197 199 
34
2 8 11 13 16 20 21 22 24 25 35 36 43 52 56 60 63 65 66 68 70 71 74 75 76 77 80 81 85 86 91 93 94 96 99 100 101 102 104 105 111 112 113 114 116 117 119 120 121 122 123 127 129 130 131 133 134 135 136 137 141 144 145 148 149 151 152 153 155 156 159 164 165 166 168 170 171 172 173 176 177 180 184 193 194 195 198 
35
0 1 2 3 11 20 22 23 24 25 28 29 34 36 43 49 52 56 59 63 64 65 66 70 71 75 76 77 80 81 83 86 91 96 98 99 102 104 105 110 111 112 113 114 116 117 119 120 121 122 123 129 130 133 134 135 136 139 144 145 147 148 151 153 156 159 162 164 165 166 168 170 172 173 176 177 184 186 188 193 195 196 199 
36
1 2 3 11 16 21 22 23 28 29 31 34 35 41 49 53 63 65 66 68 69 71 74 76 77 80 81 83 84 93 95 96 99 100 102 105 109 110 112 114 117 119 120 121 122 129 131 133 134 135 136 141 151 153 154 162 164 165 166 170 172 176 177 180 186 188 193 194 195 196 198 
37
3 4 5 7 9 10 12 14 15 17 18 19 21 26 27 30 31 32 33 39 40 41 45 46 47 48 51 53 54 55 57 58 61 62 67 69 78 79 82 87 90 92 94 97 106 107 108 115 118 125 126 128 132 137 138 139 140 142 143 146 147 150 154 155 158 160 161 163 167 169 171 174 175 177 178 182 185 189 190 191 199 
38
0 5 6 9 10 12 13 15 17 18 19 25 26 27 30 32 41 42 44 45 47 48 50 53 55 58 67 69 78 79 82 88 89 90 92 94 99 106 107 108 126 132 137 138 139 140 142 143 146 154 155 158 160 161 169 171 174 175 179 181 182 183 185 189 190 191 192 197 
39
3 5 6 7 9 10 12 13 15 18 19 25 27 30 31 32 33 37 40 41 42 44 45 47 50 51 53 55 57 58 61 62 69 77 78 82 84 90 92 97 103 106 107 108 115 118 119 125 126 128 137 138 139 142 143 146 150 154 155 158 160 163 167 169 171 174 175 178 179 181 182 183 185 189 190 191 196 197 
40
0 3 4 5 7 10 12 15 18 21 27 31 32 33 37 39 41 42 45 47 50 51 52 53 54 55 57 58 61 67 69 73 75 78 82 87 88 89 90 95 97 101 103 106 108 115 118 125 126 128 132 136 137 138 139 140 146 147 155 158 160 163 167 174 175 179 181 183 189 191 197 199 
41
0 3 4 5 7 10 12 18 19 26 28 30 31 33 36 37 38 39 40 42 44 45 46 47 48 50 51 53 54 55 62 67 69 78 79 82 84 87 88 90 92 94 97 101 103 107 108 118 123 124 125 126 128 132 137 140 142 143 147 150 155 158 160 161 163 169 171 174 175 179 182 183 187 189 190 192 197 199 
42
0 3 4 5 6 7 9 10 12 13 14 15 18 26 27 30 31 32 33 38 39 40 41 45 47 48 50 51 55 57 58 59 61 62 64 67 69 73 78 82 84 87 88 89 92 94 97 103 105 106 107 108 112 115 118 125 126 128 132 137 138 139 140 146 147 150 160 161 162 163 167 168 171 174 178 179 181 182 187 190 191 199 
43
8 9 11 18 20 22 23 24 28 34 35 49 52 56 58 59 63 64 65 66 68 71 72 75 76 80 81 86 93 95 96 98 99 100 104 105 110 111 112 113 116 117 119 120 121 123 127 130 131 133 135 136 141 144 145 148 149 151 152 153 156 157 161 164 165 166 168 170 172 176 177 180 184 186 193 195 
44
3 4 7 12 13 15 16 18 19 27 28 30 31 32 33 38 39 41 45 46 48 50 53 57 58 61 65 67 69 73 78 79 82 84 88 90 92 94 101 103 106 107 108 118 124 128 137 139 140 142 143 146 147 153 154 155 158 160 161 163 167 169 174 175 179 181 182 183 185 187 189 190 199 
45
3 4 6 10 12 13 14 15 17 18 19 26 27 37 38 39 40 41 42 44 46 47 51 54 55 56 57 58 61 62 69 73 76 78 79 81 82 84 87 88 89 90 92 94 99 101 103 106 107 108 118 125 126 128 132 136 138 139 140 142 145 146 147 151 154 155 158 161 162 163 167 169 172 174 175 177 178 179 182 183 185 187 189 190 192 197 199 
46
0 3 4 5 6 7 9 12 13 14 15 17 19 26 27 31 32 33 37 41 44 45 47 48 50 51 54 55 57 58 67 73 78 79 82 84 87 88 89 90 92 94 101 103 107 124 125 126 128 137 140 142 143 144 146 147 150 154 155 158 160 161 163 165 167 169 174 178 179 181 182 183 185 187 189 190 191 192 197 199 
47
3 4 6 7 14 15 18 26 30 31 32 33 37 38 39 40 41 42 45 46 49 50 53 55 57 58 61 62 67 73 87 88 90 94 102 103 104 106 108 115 118 124 125 126 128 132 137 138 139 142 143 146 147 150 154 155 158 160 161 163 164 167 169 174 175 177 178 181 182 183 185 189 190 191 197 199 
48
0 3 4 5 6 7 9 12 13 14 15 17 18 19 26 27 32 37 38 41 42 44 46 50 51 53 54 55 57 58 62 67 69 73 79 84 87 89 90 94 97 101 103 107 115 124 125 126 132 137 139 140 142 143 147 148 150 154 158 159 160 171 172 173 174 178 179 181 183 190 191 192 199 
49
1 2 8 11 16 20 21 23 24 25 28 29 35 36 43 47 52 56 60 66 68 70 71 72 74 75 76 79 80 81 86 92 93 96 98 99 102 104 105 110 111 113 116 117 119 120 121 122 123 127 129 130 131 134 135 137 141 143 144 145 148 149 152 153 156 157 159 162 164 165 166 168 172 173 176 177 180 184 186 188 196 198 
50
0 3 4 5 6 9 12 13 14 15 17 18 19 26 27 30 31 32 33 38 39 40 41 42 44 46 47 48 53 54 55 58 61 62 67 73 75 78 79 82 84 87 88 90 92 98 101 103 106 107 108 115 118 124 125 132 136 137 138 139 140 142 143 146 147 150 154 155 158 161 163 167 171 174 175 178 179 183 185 187 190 191 192 197 199 
51
0 3 4 6 7 9 13 14 17 26 30 32 37 39 40 41 42 45 46 48 54 55 57 58 61 62 66 69 78 79 82 86 87 88 92 94 97 101 103 107 108 114 115 118 124 126 128 129 132 137 138 140 142 143 146 148 150 154 158 160 161 163 169 171 174 175 178 179 182 183 187 191 194 197 199 
52
1 2 11 16 20 21 24 25 34 35 40 43 49 56 59 64 65 66 68 70 71 72 74 75 76 77 81 83 85 86 91 95 96 98 100 102 104 105 109 110 111 112 113 114 116 117 119 120 122 123 125 129 130 131 133 134 135 136 141 144 148 149 151 153 156 162 163 164 165 168 170 173 176 177 180 184 187 195 196 198 
53
0 3 4 5 6 7 10 13 15 17 18 27 30 31 36 37 38 39 40 41 44 47 48 50 54 55 58 61 62 67 69 73 78 82 84 88 90 94 103 106 107 108 115 117 118 124 125 126 128 132 137 139 140 142 143 146 147 150 154 155 158 159 160 161 163 167 168 169 171 174 175 178 179 182 183 185 187 191 192 
54
0 3 4 5 6 7 9 10 14 17 18 19 27 30 31 32 33 37 40 41 45 46 48 50 51 53 55 57 58 62 69 73 82 85 87 88 89 90 92 94 96 97 101 103 106 107 108 118 125 126 128 132 137 138 139 140 142 143 146 147 154 155 158 161 163 167 174 175 178 179 181 182 183 185 187 190 191 192 194 197 199 
55
0 3 5 7 9 10 13 17 18 19 26 27 30 31 33 37 38 39 40 41 42 45 46 47 48 50 51 53 54 57 58 60 61 62 67 69 74 79 84 87 88 90 94 97 103 106 108 112 115 118 124 125 126 128 130 132 137 138 140 142 146 150 154 157 158 160 161 163 167 170 176 178 181 182 183 184 185 187 190 191 197 199 
56
2 7 8 11 16 20 22 23 24 27 29 34 35 43 45 49 52 59 60 64 65 68 71 72 76 77 80 81 83 85 86 91 93 95 98 100 102 104 112 113 114 116 119 120 122 127 129 130 131 134 135 136 141 144 145 147 148 149 151 152 153 156 157 159 162 165 168 170 172 176 177 178 184 186 188 193 194 196 198 
57
0 3 4 6 7 12 13 15 18 19 26 27 30 31 32 33 37 39 40 42 44 45 46 47 48 51 54 55 62 67 70 73 78 79 81 82 84 87 88 89 90 92 97 101 106 108 115 118 124 132 137 138 139 140 143 146 150 154 156 158 160 161 167 169 171 172 174 178 179 181 182 185 187 189 196 197 199 
58
0 3 4 5 7 9 11 12 13 14 15 17 18 19 26 27 30 31 33 37 38 39 40 42 43 44 45 46 47 48 50 51 53 54 55 59 61 62 67 68 69 73 78 79 82 84 88 89 90 92 101 103 105 106 107 108 111 115 118 125 126 128 132 137 138 139 140 142 143 146 147 150 154 155 158 160 161 163 167 169 171 174 175 178 179 182 183 185 187 189 190 191 197 199 
59
2 8 13 16 20 21 22 23 24 25 28 29 35 42 43 52 56 58 60 63 64 65 68 71 72 74 75 76 83 85 86 91 93 95 98 99 100 102 103 109 110 111 112 114 116 117 119 120 122 129 131 133 135 141 145 148 149 153 156 157 159 161 164 168 170 172 173 177 178 184 187 193 194 195 196 198 
60
1 2 6 10 11 20 21 22 23 24 28 29 34 49 55 56 59 63 65 66 68 70 71 72 75 76 77 80 81 83 84 91 93 96 98 99 100 102 103 104 105 109 110 111 112 113 114 116 117 119 120 121 123 131 134 135 136 141 144 145 148 151 152 156 157 159 162 164 165 168 172 173 176 177 179 180 184 188 193 194 195 198 
61
0 4 5 7 9 10 14 18 19 27 30 31 32 33 37 39 40 42 44 45 47 50 51 53 55 58 67 69 71 78 79 82 85 87 88 89 90 92 93 94 97 101 107 108 115 117 118 125 128 132 137 139 140 142 143 146 147 150 154 155 158 161 163 167 169 170 174 175 179 181 182 183 185 187 189 190 192 197 199 
62
0 3 4 5 6 7 9 10 12 14 17 18 25 26 27 28 29 31 32 33 37 39 41 42 45 47 48 50 51 53 54 55 57 58 67 69 70 79 84 88 90 92 96 97 101 103 106 107 108 115 118 126 128 132 136 137 138 139 140 142 143 146 147 154 155 158 161 163 169 174 175 179 181 182 183 185 189 191 192 197 199 
63
1 2 8 10 11 16 20 21 22 23 24 28 31 34 35 36 43 59 60 64 66 68 70 71 72 74 76 77 80 81 83 93 96 98 99 100 103 104 105 108 110 111 112 114 116 119 121 122 123 127 129 130 131 133 135 136 141 144 145 149 151 152 153 156 157 159 162 164 165 166 170 172 173 176 177 180 182 184 186 193 194 196 198 
64
1 2 11 16 20 21 22 23 24 25 28 29 35 42 43 52 56 59 63 65 66 68 70 72 75 76 80 81 83 91 93 95 98 100 102 105 106 107 109 110 111 113 114 116 120 121 122 123 127 129 130 131 133 134 135 136 141 144 145 148 149 151 152 153 156 157 159 162 164 165 166 168 170 172 176 177 180 184 188 189 194 195 198 
65
1 2 8 11 20 21 22 24 25 28 29 34 35 36 43 44 52 56 59 60 64 66 68 70 71 72 75 77 80 81 83 85 86 91 93 95 98 99 102 104 109 111 113 115 116 117 119 120 122 123 127 131 133 134 136 141 144 148 151 152 153 156 157 159 161 162 164 168 170 172 177 184 186 193 195 196 
66
1 2 8 11 16 17 20 21 22 23 24 25 28 34 35 36 43 49 51 52 60 63 64 65 68 70 71 72 74 75 76 77 80 81 85 96 99 100 105 109 110 111 112 113 114 117 119 120 123 125 127 130 133 134 136 144 145 148 151 152 153 156 162 165 166 172 173 176 177 180 184 185 188 193 194 195 198 
67
0 3 4 5 9 10 14 15 18 26 27 30 31 33 37 38 40 41 42 44 46 47 48 50 53 55 57 58 61 62 69 73 76 78 84 87 88 89 90 92 94 97 101 103 106 115 116 118 124 128 132 140 142 143 146 147 150 154 158 161 162 166 167 169 171 172 179 180 182 183 185 187 189 192 197 199 
68
1 2 7 8 11 16 18 22 23 24 25 28 29 34 36 43 49 52 56 58 59 60 63 64 65 66 70 71 72 74 75 76 77 80 81 83 85 93 96 98 99 100 102 104 109 111 112 113 114 116 117 119 121 122 127 129 130 131 133 134 136 141 144 145 149 152 153 155 156 157 159 162 164 165 166 168 170 172 173 176 177 180 181 184 188 193 194 195 198 
69
0 4 5 7 9 12 13 15 17 19 27 31 33 36 37 38 39 40 41 42 44 45 48 51 53 54 55 58 61 62 67 73 78 79 84 87 88 89 90 94 97 101 103 106 107 108 110 115 118 122 124 126 128 132 138 139 140 142 143 146 147 150 154 155 158 160 164 169 174 175 178 179 181 182 183 187 188 189 191 192 197 199 
70
2 6 8 9 11 16 17 21 23 24 26 28 32 34 35 49 52 57 60 62 63 64 65 66 68 71 72 74 80 81 83 84 85 86 89 91 93 95 96 99 100 102 104 105 111 112 114 116 117 119 120 121 122 123 129 131 133 134 135 141 144 145 148 149 151 152 156 157 160 162 163 164 166 170 172 176 177 180 184 188 193 194 195 198 
71
2 11 16 20 21 22 23 24 28 29 34 35 36 43 49 52 56 59 60 61 63 65 66 68 70 75 76 77 80 81 83 85 86 91 95 96 100 102 104 110 112 114 116 117 119 121 122 127 129 130 131 132 133 134 135 136 141 144 145 148 149 150 151 152 153 156 157 159 162 164 165 166 168 170 172 173 176 178 180 184 188 193 194 195 196 197 
72
1 11 16 20 22 23 24 25 29 43 49 52 56 59 60 63 64 65 66 68 70 74 76 77 83 85 86 91 93 95 96 98 99 100 102 104 105 111 112 114 116 117 120 121 122 127 130 131 133 135 136 144 148 149 151 152 153 156 157 162 164 165 166 168 170 173 176 177 180 186 188 193 194 195 196 
73
0 3 4 6 7 8 10 12 13 14 17 18 19 23 24 26 27 31 32 33 40 42 44 45 46 47 48 50 53 54 57 58 67 69 78 79 80 82 84 87 89 90 94 97 101 103 107 108 115 116 124 125 126 132 134 137 138 143 147 150 154 160 161 169 171 175 178 179 182 183 185 187 189 190 191 197 199 
74
1 2 6 8 13 21 22 23 24 28 29 34 36 49 52 55 59 63 66 68 70 72 75 76 77 81 82 83 85 86 91 93 96 99 100 102 104 105 109 110 111 112 113 114 116 117 120 122 123 129 131 134 135 136 141 145 148 149 151 152 153 156 159 162 164 166 172 177 180 183 184 186 188 193 195 196 
75
0 2 11 21 22 27 28 29 34 35 40 43 49 50 52 59 60 64 65 66 68 71 74 76 77 79 80 81 83 84 85 86 91 93 96 98 99 100 102 105 109 110 111 112 113 114 117 119 121 122 123 127 129 130 133 135 136 141 142 144 145 151 156 157 162 163 164 165 168 170 173 176 177 186 188 193 194 195 196 198 
76
1 2 3 7 11 15 16 20 21 22 25 28 29 30 34 35 36 43 45 49 52 56 59 60 63 64 66 67 68 71 72 74 75 80 81 83 86 91 93 95 96 99 100 102 105 111 112 113 114 116 119 123 127 131 134 135 136 141 144 149 151 152 153 159 164 165 168 170 172 173 177 180 188 193 194 195 
77
1 8 11 16 18 22 23 24 28 34 35 36 39 52 56 60 63 65 66 68 71 72 74 75 81 83 85 86 93 95 96 99 100 102 105 109 110 111 114 119 120 121 123 129 130 133 134 136 137 142 144 148 149 151 152 156 159 162 165 166 168 172 173 176 180 184 188 193 194 195 196 198 
78
0 5 7 12 13 14 15 17 18 19 26 27 31 37 38 39 40 41 42 44 45 46 50 51 53 57 58 61 67 69 73 79 87 88 89 90 92 94 97 101 103 106 115 124 125 126 128 136 137 138 139 140 142 143 146 147 150 152 154 155 158 161 163 167 169 171 175 178 179 185 187 189 190 192 199 
79
0 3 4 5 6 7 8 9 10 12 13 14 15 17 18 19 22 31 32 33 37 38 41 44 45 46 48 49 50 51 55 57 58 61 62 69 73 75 78 82 84 87 88 89 90 94 97 101 103 106 107 108 115 118 124 125 126 128 142 143 147 149 150 154 155 160 163 164 169 174 175 178 179 181 183 185 187 189 192 197 199 
80
1 2 3 8 11 20 21 23 24 25 28 31 34 35 36 43 49 56 60 63 64 65 66 68 70 71 73 75 76 85 93 95 96 98 99 100 104 109 112 113 116 118 119 120 121 122 123 124 127 129 134 136 141 144 145 148 151 152 156 159 160 162 164 165 168 170 172 173 176 177 180 184 188 193 194 195 196 198 
81
1 2 8 11 21 22 23 25 28 29 34 35 36 43 45 49 52 56 57 60 63 64 65 66 68 70 71 74 75 76 77 85 86 91 96 100 102 104 109 110 112 114 116 117 119 120 121 129 131 133 136 144 148 149 152 153 157 161 162 164 166 168 170 173 176 180 182 184 186 193 194 198 
82
3 5 6 7 9 10 12 13 14 15 17 24 25 26 27 30 31 32 33 37 38 39 40 41 42 44 45 46 50 51 53 54 57 58 61 73 74 79 84 87 88 89 90 97 105 106 107 115 118 128 132 137 138 139 140 142 143 146 147 150 154 155 159 161 163 167 169 174 175 179 181 182 183 185 187 189 190 191 195 197 199 
83
0 2 7 8 10 11 16 21 23 25 29 32 35 36 52 56 59 60 63 64 65 68 70 71 72 74 75 76 77 86 93 95 96 99 100 105 109 110 111 112 113 114 117 120 121 122 123 127 129 131 133 134 135 140 141 144 145 151 152 153 156 159 160 162 163 164 165 167 168 176 177 180 184 186 188 193 194 196 198 
84
0 6 7 9 12 14 15 17 18 19 26 27 30 31 32 36 39 41 42 44 45 46 48 50 53 55 57 58 60 62 67 69 70 73 75 79 82 87 88 89 92 94 97 101 106 107 108 115 118 124 126 128 132 137 138 142 143 146 147 148 150 154 155 163 167 168 169 171 174 175 178 179 181 182 183 187 190 191 192 197 198 
85
1 2 11 16 20 22 24 25 28 29 34 52 54 56 59 61 65 66 68 70 71 72 74 75 77 80 81 86 91 94 95 96 98 99 102 104 109 110 111 112 113 114 115 116 117 119 121 122 123 130 131 133 134 136 141 144 151 152 153 157 159 162 165 166 170 176 177 184 186 193 195 196 197 198 
86
1 2 11 21 23 24 25 29 34 35 43 49 51 52 56 59 65 70 71 72 74 75 76 77 81 83 85 91 93 95 98 99 100 102 105 111 112 113 114 116 119 120 121 122 123 127 130 133 134 144 145 148 149 151 152 153 159 165 166 168 172 176 177 183 186 188 194 195 198 
87
0 3 4 5 6 7 9 13 14 17 19 27 30 31 33 37 40 41 42 45 46 47 48 50 51 54 55 57 61 67 69 73 78 79 82 84 89 92 97 101 103 106 107 108 115 118 124 125 126 128 132 137 138 142 143 146 147 150 155 158 160 163 171 174 175 179 181 182 183 185 187 189 190 192 197 199 
88
0 4 5 6 7 9 10 12 13 14 15 17 18 19 25 30 31 32 33 38 40 41 42 44 45 46 47 50 51 53 54 55 57 58 61 62 67 69 78 79 82 84 89 92 97 103 106 107 108 113 115 116 117 118 124 126 128 137 139 140 142 143 146 150 152 154 155 158 160 167 169 171 175 178 182 183 185 187 189 191 192 197 
89
0 5 9 10 12 14 15 17 19 21 22 26 27 30 31 32 33 38 40 42 45 46 48 54 57 58 61 67 69 70 73 78 79 82 84 87 88 90 92 94 97 101 103 106 107 108 111 118 124 125 126 133 137 139 140 142 143 146 154 155 158 160 161 167 169 171 175 178 181 183 185 187 190 191 192 197 
90
0 4 5 6 7 9 12 13 14 15 17 18 24 26 27 30 32 33 37 38 39 40 41 44 45 46 47 48 50 53 54 55 57 58 61 62 67 69 73 78 79 82 89 92 94 100 101 103 106 108 118 124 126 128 129 132 138 140 142 143 146 147 150 154 158 161 163 167 171 174 175 178 181 187 189 190 197 199 
91
1 2 8 11 13 16 20 22 25 28 29 34 35 52 56 59 60 64 65 70 71 72 74 75 76 81 85 86 94 95 98 99 100 102 104 105 109 110 113 114 116 119 120 122 123 131 133 134 135 136 138 141 144 145 148 149 152 153 156 157 159 164 165 166 168 171 172 173 177 179 180 184 188 190 193 194 195 
92
0 3 4 5 6 7 9 10 12 13 14 15 17 18 19 20 26 27 30 31 32 37 38 39 41 42 44 45 46 49 50 51 54 57 58 61 62 67 78 84 87 88 89 90 97 101 103 106 108 115 118 122 124 125 126 128 134 137 138 139 140 142 143 146 147 150 151 153 154 155 158 160 163 167 171 174 175 177 178 179 181 182 185 187 190 191 192 197 199 
93
1 2 8 13 21 23 24 25 26 29 31 34 36 43 49 56 59 60 61 63 64 65 68 70 72 74 75 76 77 80 83 86 95 96 98 99 100 102 105 109 110 111 112 113 117 120 122 123 127 129 130 132 133 134 135 139 141 144 145 148 149 151 152 153 156 157 162 164 168 170 177 180 184 186 188 192 193 194 195 196 198 
94
6 7 9 10 13 14 18 19 27 31 34 37 38 41 42 44 45 46 47 48 51 53 54 55 61 67 69 73 78 79 84 85 89 90 91 101 103 107 115 120 125 126 127 128 138 139 140 142 143 146 147 148 150 153 155 160 163 167 169 171 174 175 179 181 182 185 187 189 191 192 197 199 
95
2 6 8 9 10 11 20 21 22 23 24 25 28 29 36 40 43 52 56 59 64 65 70 71 72 76 77 80 83 85 86 91 93 96 98 99 100 109 110 112 113 114 116 119 120 122 123 126 127 129 130 131 133 135 136 144 145 146 149 151 153 155 156 157 164 165 166 170 172 173 176 177 180 184 186 188 193 194 195 196 198 
96
5 8 11 20 21 22 24 28 29 34 35 36 43 49 52 54 60 62 63 66 68 70 71 72 74 75 76 77 80 81 83 85 93 95 98 99 100 104 105 109 110 111 112 114 116 119 120 121 122 123 129 130 133 135 136 148 149 151 152 153 156 157 164 165 166 168 170 172 175 176 177 184 193 195 196 198 
97
0 3 5 6 9 10 13 14 15 17 18 26 27 31 33 37 39 40 41 42 48 51 54 55 57 61 62 67 69 73 78 79 82 84 87 88 89 92 101 103 106 107 108 115 118 121 124 126 128 132 137 140 146 147 150 155 158 160 163 167 169 171 175 178 179 181 182 183 186 187 189 190 191 192 197 199 
98
8 9 11 20 21 22 23 25 26 28 29 35 43 49 50 52 56 59 60 63 64 65 68 72 75 80 85 86 91 93 95 96 99 105 110 111 112 113 115 117 119 120 121 122 127 129 130 131 133 135 141 145 148 149 151 152 153 156 157 159 162 166 168 172 176 177 180 184 186 187 192 193 194 195 196 198 
99
1 8 11 16 20 21 24 25 26 28 32 34 35 36 38 43 45 49 59 60 63 65 66 68 70 72 74 75 76 77 80 83 85 86 91 93 95 96 98 100 102 109 111 114 116 117 119 121 122 129 130 131 133 134 136 141 144 148 153 156 159 162 164 165 166 168 172 173 176 177 180 184 188 193 194 195 196 198 
100
1 2 8 11 16 19 20 22 23 24 29 31 34 36 43 52 56 59 60 63 64 66 68 70 71 72 74 75 76 77 80 81 83 86 90 91 93 95 96 99 102 104 109 110 111 112 113 114 116 117 119 121 122 124 127 131 133 134 135 136 141 144 145 148 149 151 152 153 156 159 162 164 165 166 168 170 172 173 176 177 180 184 186 193 194 196 198 199 
101
0 4 5 6 8 9 12 13 14 15 19 26 27 30 31 32 33 34 40 41 44 45 46 48 50 51 54 57 58 61 62 67 69 73 78 79 84 87 89 90 92 94 97 103 106 107 115 118 124 125 126 128 129 132 137 139 142 143 146 147 150 154 155 156 158 161 163 167 171 174 175 178 181 182 183 185 189 196 
102
1 2 3 8 11 12 20 21 22 24 25 26 28 29 33 34 35 36 47 49 52 56 59 60 64 65 68 70 71 72 74 75 76 77 81 85 86 91 93 99 100 104 105 109 110 111 112 117 120 122 123 127 129 130 131 133 134 135 136 137 141 144 145 148 149 151 152 153 156 157 159 164 165 170 172 176 177 178 180 186 188 189 193 194 195 196 198 
103
0 3 5 7 9 10 13 14 15 17 18 19 26 30 31 32 33 39 40 41 42 44 45 46 47 48 50 51 53 54 55 58 59 60 62 63 67 69 73 78 79 87 88 89 90 92 94 97 101 108 115 116 118 121 124 132 133 138 140 142 143 146 149 150 154 155 158 160 161 167 171 174 175 178 179 181 182 183 185 189 192 199 
104
2 8 16 20 21 22 24 25 28 34 35 43 47 49 52 56 60 63 65 68 70 71 72 74 80 81 85 91 96 100 102 110 111 113 114 116 119 120 121 122 123 125 127 129 130 133 134 135 136 141 145 151 152 153 156 157 159 165 166 168 172 173 176 177 180 186 188 193 194 195 196 198 
105
1 2 8 16 20 21 23 24 25 28 29 34 35 36 42 43 49 52 58 60 63 64 66 70 72 74 75 76 77 82 83 86 91 93 96 98 102 109 110 111 112 113 114 116 117 119 120 121 122 123 125 129 131 133 134 136 140 141 148 149 151 152 153 154 157 159 162 164 165 166 167 168 169 170 172 177 184 186 188 194 195 197 198 
106
0 3 5 7 9 10 13 14 17 18 19 26 30 31 32 37 38 39 40 42 44 45 47 50 53 54 55 57 58 62 64 67 69 78 79 82 84 87 88 89 90 92 97 101 107 108 115 118 119 125 126 128 132 137 138 139 140 143 146 147 150 154 155 158 160 165 174 175 178 179 181 182 183 185 187 189 190 191 192 197 199 
107
3 4 5 6 7 12 13 14 15 17 19 26 31 33 37 38 39 41 42 44 45 46 48 50 51 53 54 58 61 62 64 69 73 79 82 84 87 88 89 94 97 101 106 108 109 118 125 126 128 132 137 140 143 147 150 154 155 158 160 161 163 167 169 171 174 175 178 179 181 182 185 187 188 189 190 191 192 197 199 
108
0 3 4 6 7 9 13 15 17 26 30 32 37 38 39 40 41 42 44 45 47 50 51 53 54 55 57 58 61 62 63 69 73 79 84 87 88 89 90 92 97 103 106 107 115 124 125 126 132 138 139 140 142 143 146 150 158 160 161 169 171 173 174 175 179 181 182 183 185 187 189 190 199 
109
1 8 11 20 21 22 23 24 25 28 36 52 59 60 64 65 66 68 74 75 77 80 81 83 85 91 93 95 96 99 100 102 105 107 111 112 114 116 117 119 120 123 127 135 139 141 144 145 149 152 153 157 164 165 168 171 172 173 176 177 180 184 186 188 193 194 195 196 
110
2 8 9 11 20 23 24 28 29 30 35 36 43 49 52 59 60 63 64 66 69 71 74 75 77 81 83 85 91 93 95 96 98 100 102 104 105 113 114 116 117 119 120 121 122 127 129 130 131 133 134 135 136 141 144 145 148 149 151 152 153 156 159 162 164 165 166 170 171 172 173 177 183 184 186 193 194 195 196 198 
111
1 8 11 16 20 22 23 24 28 34 35 43 49 52 58 59 60 63 64 65 66 68 70 72 74 75 76 77 83 85 86 89 93 96 98 99 100 102 104 105 109 112 113 114 116 117 119 121 122 123 127 129 130 131 133 134 135 136 141 144 146 148 149 151 152 156 158 159 162 164 165 166 168 170 172 176 180 184 186 193 195 196 
112
11 16 21 22 23 24 25 26 28 29 31 34 35 36 42 43 52 55 56 59 60 63 66 68 70 71 72 74 75 76 80 81 83 85 86 93 95 96 98 100 102 105 109 111 113 114 116 117 120 121 122 123 127 131 133 134 135 136 141 144 145 146 147 149 150 151 152 153 156 157 159 164 165 168 170 173 177 180 186 188 193 194 195 196 198 
113
1 2 3 8 11 21 22 23 24 25 28 29 34 35 43 49 52 56 60 64 65 66 68 74 75 76 80 83 85 86 88 91 93 95 98 100 104 105 110 111 112 114 116 117 118 119 120 122 129 130 131 134 135 136 141 145 148 152 153 154 156 157 159 162 164 165 166 169 173 176 182 184 186 187 188 194 195 196 198 
114
1 2 8 11 16 20 22 23 24 25 28 29 34 35 36 51 52 56 59 60 63 64 66 68 70 71 72 74 75 76 77 81 83 85 86 91 95 96 99 100 104 105 109 110 111 112 113 116 119 120 121 123 127 129 130 131 133 134 135 136 141 144 148 149 151 152 153 156 157 159 162 165 166 168 170 172 173 176 180 186 188 195 196 198 
115
0 3 4 7 10 12 13 14 15 17 19 20 26 27 28 30 31 32 37 39 40 42 47 48 50 51 53 55 57 58 61 62 65 67 69 73 78 79 82 84 85 87 88 92 94 97 98 101 103 106 108 118 124 125 126 127 128 132 138 140 142 143 146 147 150 154 158 163 169 171 174 175 178 179 181 182 183 185 187 190 191 192 197 199 
116
0 1 2 8 11 16 21 22 23 24 25 27 28 29 34 35 43 49 52 56 59 60 63 64 65 67 68 70 71 72 73 74 76 80 81 85 86 88 91 95 96 99 100 103 104 105 109 110 111 112 113 114 117 121 122 123 127 129 130 131 133 134 135 136 144 145 149 151 153 156 157 159 162 164 165 166 168 172 173 177 178 180 184 188 193 194 195 196 198 
117
1 2 4 8 11 16 20 21 24 25 28 29 34 35 36 43 49 52 53 59 60 61 65 66 68 70 71 72 74 75 81 83 85 88 93 98 99 100 102 105 109 110 111 112 113 116 119 120 121 122 123 127 129 130 131 133 135 136 137 140 142 144 148 149 151 152 156 159 162 164 166 168 170 172 173 176 177 184 188 194 195 196 198 
118
0 3 4 5 6 7 9 12 13 14 15 17 19 27 30 31 32 33 37 39 40 41 42 44 45 47 50 51 53 54 55 57 58 61 62 67 69 79 80 82 84 87 88 89 90 92 97 101 103 106 107 113 115 124 125 126 127 128 132 137 138 139 141 142 146 147 150 154 155 156 158 160 161 163 167 169 171 174 175 178 179 182 183 187 190 191 192 197 199 
119
1 2 8 11 17 18 20 21 22 23 24 28 29 34 35 36 39 43 49 52 56 59 60 63 65 66 68 70 71 75 76 77 80 81 85 86 91 95 96 98 99 100 104 105 106 109 110 111 113 114 117 120 121 123 124 127 129 131 135 136 144 145 149 151 153 155 156 157 159 162 164 165 166 168 173 174 177 180 184 185 186 187 193 194 196 
120
1 2 14 16 21 22 24 25 28 29 34 35 36 43 49 52 56 59 60 64 65 66 70 72 74 77 80 81 83 86 91 93 94 95 96 98 102 104 105 109 110 112 113 114 117 119 121 123 127 131 133 134 135 136 141 144 145 148 149 152 153 156 157 159 162 164 165 166 168 170 172 173 177 180 184 186 188 193 195 196 197 198 
121
2 8 11 16 21 22 24 25 28 29 34 35 36 43 49 60 63 64 68 70 71 72 75 77 80 81 83 85 86 96 97 98 99 100 103 104 105 110 111 112 114 116 117 119 120 122 127 129 130 131 134 135 141 144 145 148 149 151 153 157 164 165 166 168 170 171 173 176 177 180 184 186 188 193 194 195 196 198 
122
1 2 8 11 12 16 20 22 23 24 25 28 34 35 36 49 52 56 59 63 64 65 68 69 70 71 72 74 75 80 83 85 86 91 92 93 95 96 98 99 100 102 104 105 110 111 112 113 116 117 121 127 129 130 131 134 135 136 141 145 149 151 156 157 162 163 164 165 166 168 170 172 175 176 177 180 184 187 188 189 193 194 
123
0 1 2 4 8 16 23 24 28 34 35 41 43 49 52 60 63 64 65 66 70 74 75 76 77 80 83 85 86 91 93 95 96 102 104 105 109 111 112 114 116 117 119 120 127 129 131 133 134 135 141 144 145 148 149 151 153 156 159 163 164 165 166 168 173 176 184 186 188 193 196 198 
124
0 3 4 6 9 10 12 17 18 19 26 27 31 32 41 44 46 47 48 50 51 53 55 57 67 69 73 78 79 80 84 87 88 89 90 92 97 100 101 103 108 115 118 119 126 132 139 140 143 147 150 154 160 161 163 164 167 169 171 174 175 178 179 181 183 187 189 192 197 199 
125
0 3 5 6 7 9 10 17 18 19 27 31 33 37 39 40 41 42 45 46 47 48 50 52 53 54 55 58 61 66 73 78 79 87 89 92 94 101 104 105 106 107 108 115 118 126 137 138 140 142 143 144 146 150 155 158 161 163 166 167 169 175 178 179 182 183 185 186 187 189 191 192 199 
126
1 3 4 5 7 9 10 12 13 14 17 18 19 26 27 32 37 38 39 40 41 42 45 46 47 48 51 53 54 55 58 62 69 73 78 79 84 87 88 89 90 92 94 95 97 101 106 107 108 115 118 124 125 128 131 138 139 140 142 143 146 147 150 154 155 156 158 160 161 163 167 169 171 174 175 181 182 183 187 189 191 197 199 
127
1 8 11 16 21 23 25 29 34 43 49 56 63 64 65 66 68 71 72 75 76 80 83 86 93 94 95 98 100 102 104 109 110 111 112 114 115 116 117 118 119 120 121 122 123 129 130 131 134 136 141 145 148 149 151 152 157 159 165 170 172 173 176 177 180 184 188 193 196 197 198 
128
3 4 6 7 9 10 12 15 17 18 19 24 26 27 30 31 32 37 39 40 41 42 44 45 46 47 51 53 54 55 58 61 62 67 69 78 79 82 84 87 88 90 92 94 97 101 106 107 115 118 126 132 134 140 142 143 146 150 154 156 163 167 169 171 174 178 179 181 183 185 187 189 190 191 197 199 
129
1 21 22 23 24 28 29 34 35 36 49 51 52 56 59 63 64 68 70 71 74 75 77 80 81 83 90 93 95 96 98 99 101 102 104 105 110 111 113 114 116 117 119 121 122 123 127 131 133 134 135 136 141 145 148 151 152 153 156 157 159 165 168 170 173 176 177 180 184 186 188 193 194 195 
130
1 11 16 20 21 22 23 24 28 29 34 35 43 49 52 55 56 63 64 66 68 71 72 75 77 85 86 93 95 96 98 99 102 104 110 111 113 114 116 117 121 122 127 131 133 136 141 144 145 148 149 151 152 153 156 159 162 164 165 166 168 170 173 176 177 180 191 193 194 196 
131
1 2 11 16 20 21 22 25 28 29 30 34 36 43 49 52 56 59 60 63 64 65 68 70 71 72 74 76 81 83 85 91 95 98 99 100 102 105 110 111 112 113 114 116 117 119 120 121 122 123 126 127 129 130 134 135 136 141 144 145 148 149 151 152 153 156 157 162 164 165 166 170 172 173 176 177 180 184 188 191 192 193 194 195 196 198 199 
132
0 3 4 5 6 7 9 12 13 14 15 17 28 31 32 33 37 38 40 41 42 45 47 48 50 51 53 54 55 57 58 61 62 67 69 71 73 82 84 87 90 93 97 101 103 106 107 108 115 118 124 128 137 139 140 143 146 147 149 150 155 158 160 161 163 174 175 178 179 181 182 183 185 187 188 189 191 192 197 199 
133
2 8 11 16 21 22 23 24 28 29 34 35 36 43 52 59 63 64 65 66 68 70 71 72 75 77 81 83 85 86 89 91 93 95 96 98 99 100 102 103 104 105 110 111 112 114 116 117 120 123 129 130 134 135 140 141 144 148 149 151 152 153 157 159 163 164 165 168 170 172 174 176 180 184 188 193 194 195 196 198 
134
1 2 4 8 11 16 20 21 23 28 29 34 35 36 49 52 56 60 64 65 66 68 70 71 73 74 76 77 80 83 85 86 91 92 93 99 100 102 104 105 110 111 112 113 114 116 120 121 122 123 127 128 129 131 133 136 141 144 145 149 152 153 156 157 159 162 164 165 166 168 170 172 173 177 180 186 188 190 193 194 195 198 
135
2 8 15 20 22 23 24 25 28 29 34 35 36 43 49 52 56 59 60 63 64 70 71 72 74 75 76 83 91 93 95 96 98 100 102 104 109 110 111 112 113 114 116 117 119 120 121 122 123 129 131 133 136 141 148 149 153 157 159 164 165 166 168 170 172 177 180 184 186 188 193 195 198 
136
1 2 5 8 11 20 21 22 23 25 28 34 35 36 40 43 45 50 52 56 60 62 63 64 65 66 68 71 72 74 75 76 77 78 80 81 85 91 95 96 99 100 102 104 105 110 111 112 113 114 116 117 119 120 122 127 129 130 131 134 135 144 148 149 151 152 153 157 159 162 165 166 168 170 172 173 176 180 186 188 193 194 196 198 
137
0 4 5 13 14 15 17 19 24 27 31 32 34 37 38 39 40 41 42 44 46 47 48 49 50 51 53 54 55 57 58 61 62 73 77 78 82 84 87 88 89 92 97 101 102 106 107 117 118 125 132 138 139 140 142 143 145 146 150 154 155 160 161 162 163 167 171 174 175 178 181 182 183 185 189 191 192 197 
138
0 3 4 5 7 9 10 12 13 15 17 18 19 25 26 27 31 33 37 38 39 40 42 45 47 50 51 54 55 57 58 62 69 73 78 82 84 87 90 91 92 94 103 106 108 115 118 125 126 137 139 140 142 143 146 147 150 154 155 158 159 161 164 165 168 169 171 174 175 178 181 182 183 187 189 190 197 199 
139
0 3 5 7 9 10 13 14 15 17 19 27 29 30 31 32 33 35 37 38 39 40 42 44 45 47 48 50 53 54 57 58 61 62 69 78 82 88 89 92 93 94 101 106 108 109 118 124 126 132 137 138 140 142 143 146 147 150 154 155 161 163 167 169 171 174 175 179 181 182 183 185 187 190 192 197 199 
140
0 3 5 6 12 14 15 18 19 30 31 32 33 37 38 40 41 42 44 45 46 48 50 51 53 54 55 57 58 61 62 67 69 78 82 83 88 89 90 92 94 97 103 105 106 107 108 115 117 124 125 126 128 132 133 137 138 139 141 142 143 146 147 150 154 158 161 162 167 169 171 174 175 176 178 179 182 183 185 189 190 191 192 199 
141
1 2 8 9 11 15 21 22 23 24 28 29 34 36 43 49 52 56 59 60 63 64 65 68 70 71 74 75 76 80 83 85 91 93 98 99 100 102 104 105 109 110 111 112 113 114 118 120 121 122 123 127 129 130 131 133 134 135 140 144 145 148 153 156 157 165 170 172 173 177 180 184 186 188 191 193 194 195 199 
142
0 3 4 5 7 10 12 13 14 15 19 26 27 31 32 37 38 39 41 44 45 46 47 48 50 51 53 54 55 58 61 62 67 69 75 77 78 79 82 84 87 88 89 90 92 94 101 103 108 115 117 118 125 126 128 137 138 139 140 143 146 147 150 154 158 160 161 162 167 169 171 174 175 178 179 183 185 187 189 190 191 192 197 199 
143
0 3 5 6 7 10 12 13 14 15 17 26 27 29 30 31 32 33 37 38 39 41 44 46 47 48 49 50 51 53 54 57 58 61 62 67 69 73 78 79 82 84 87 88 89 90 92 94 101 103 106 107 108 115 124 125 126 128 132 137 138 139 140 142 147 150 155 158 162 163 167 169 175 179 181 183 185 187 188 189 190 191 192 197 
144
2 8 9 11 16 20 21 23 24 28 29 31 34 35 43 46 49 52 56 60 63 64 65 66 68 70 71 72 75 76 77 80 81 83 85 86 91 93 95 99 100 102 109 110 111 112 114 116 117 119 120 121 123 125 130 131 133 134 136 141 145 148 149 152 153 154 156 157 164 166 170 176 177 180 184 186 188 189 192 194 195 198 
145
2 11 16 21 22 23 25 28 29 34 35 43 45 49 56 59 60 63 64 66 68 70 71 74 75 80 83 86 91 93 95 98 100 102 104 109 110 112 113 116 119 120 121 122 123 127 129 130 131 134 137 141 144 148 152 153 156 159 164 168 170 172 176 186 188 193 195 196 198 
146
0 3 4 5 7 8 10 12 15 18 19 26 27 30 31 33 37 38 39 40 42 44 45 46 47 50 51 53 54 55 57 58 61 62 67 69 78 82 84 87 88 89 90 92 94 95 97 101 103 106 108 111 112 115 118 125 126 128 132 137 138 139 140 142 147 150 153 154 155 160 161 163 167 169 171 174 175 178 179 181 182 183 189 190 191 192 197 
147
0 3 4 6 7 9 13 14 15 17 18 19 21 25 26 27 29 30 32 33 35 37 40 41 42 44 45 46 47 48 50 53 54 56 58 61 62 67 69 73 78 79 82 84 87 90 92 94 97 101 106 107 112 115 118 124 126 132 138 139 140 142 143 146 150 154 158 160 161 163 167 169 171 174 175 181 182 187 189 190 191 192 197 
148
1 2 8 11 20 22 24 28 29 34 35 43 48 49 51 52 56 59 60 64 65 66 70 71 72 74 77 80 81 84 86 91 93 94 96 98 99 100 102 105 110 111 113 114 117 120 121 123 127 129 130 131 133 135 136 141 144 145 151 153 156 157 158 162 164 165 166 168 170 173 177 180 184 186 188 193 196 198 
149
1 2 8 11 16 21 23 24 28 29 33 34 43 49 52 56 59 63 64 68 70 71 72 74 76 77 79 81 86 91 93 95 96 98 100 102 103 105 109 110 111 112 114 116 117 119 120 121 122 123 127 130 131 132 133 134 135 136 144 151 152 156 162 164 165 166 168 170 173 176 177 184 186 188 194 196 198 
150
3 4 5 6 7 9 10 13 14 15 17 18 26 27 29 30 32 33 37 39 41 42 46 47 48 50 51 53 55 57 58 61 67 69 71 73 78 79 82 84 87 88 90 92 94 97 101 103 106 107 108 112 115 118 124 125 126 128 132 137 138 139 140 142 143 146 147 154 155 158 160 161 163 167 169 171 174 175 176 178 179 182 185 187 189 190 192 197 199 
151
8 11 13 16 20 21 22 23 25 28 29 32 34 35 36 43 45 52 56 60 63 64 65 66 70 71 72 74 75 76 77 80 83 85 86 92 93 95 96 98 100 102 104 105 110 111 112 114 116 117 119 121 122 123 127 129 130 131 133 136 148 149 156 159 162 164 165 166 168 170 173 174 176 177 180 183 186 188 193 194 195 
152
1 2 8 16 20 21 22 28 29 34 43 49 56 60 63 64 65 66 68 70 71 72 74 76 77 78 80 81 83 85 86 88 91 93 96 98 100 102 104 105 109 110 111 112 113 114 117 120 127 129 130 131 133 134 136 144 145 149 153 156 157 159 160 162 164 165 166 167 168 170 172 173 176 180 184 188 193 194 196 
153
0 1 2 8 11 19 20 21 22 23 24 28 31 34 35 36 43 44 49 52 56 59 63 64 65 66 68 71 72 74 76 81 83 85 86 91 92 93 94 95 96 98 99 100 102 104 105 109 110 112 113 114 116 119 120 121 123 129 130 131 133 134 135 136 141 144 145 146 148 152 156 157 162 166 168 170 172 173 176 177 180 184 193 194 195 196 198 
154
0 3 5 6 9 10 13 14 17 18 19 26 29 31 32 33 36 37 38 39 44 45 46 47 48 50 51 53 54 55 57 58 61 62 67 69 73 78 79 82 84 88 89 90 92 101 103 105 106 107 113 115 118 124 126 128 137 138 139 140 142 144 146 147 150 157 160 161 163 167 169 171 174 175 178 181 182 183 187 190 191 192 197 
155
3 4 5 6 7 9 10 12 14 15 18 19 26 27 30 31 32 33 34 37 38 39 40 41 44 45 46 47 50 53 54 58 61 62 68 69 78 79 82 84 87 88 89 92 94 95 97 101 103 106 107 118 119 125 126 132 137 138 139 143 146 150 158 160 167 169 175 178 182 183 187 189 190 192 197 199 
156
2 11 16 20 23 24 28 34 35 43 49 52 56 57 59 60 63 64 65 66 68 70 71 72 74 75 77 80 83 91 93 95 96 98 99 100 101 102 104 110 111 112 113 114 116 117 118 119 120 122 123 126 128 129 130 131 134 141 144 145 148 149 151 152 153 157 159 162 164 165 166 168 170 172 173 176 177 180 184 186 188 193 195 196 198 
157
1 2 11 20 21 22 24 25 29 43 49 55 56 59 60 63 64 65 68 70 71 72 75 81 85 91 93 95 96 98 102 104 105 109 112 113 114 116 119 120 121 122 127 129 131 133 134 135 136 141 144 148 152 153 154 156 164 166 170 172 173 176 177 184 193 194 195 196 198 
158
0 3 4 5 7 9 10 13 14 18 19 26 27 30 31 32 33 37 38 39 40 41 44 45 46 47 48 50 51 53 54 55 57 58 61 62 67 69 78 87 88 89 90 92 97 101 103 106 107 108 111 115 118 125 126 132 138 140 142 143 147 148 150 155 159 160 161 171 175 178 179 181 182 183 185 188 189 190 191 192 197 199 
159
0 1 2 8 11 16 20 23 24 25 29 32 34 35 48 49 53 56 59 60 63 64 65 68 71 74 76 77 80 82 83 85 86 91 98 99 100 102 104 105 110 111 112 113 114 116 117 119 120 123 127 129 130 133 134 135 136 138 145 151 152 156 158 162 164 165 168 172 175 176 177 178 180 184 186 193 194 195 196 198 
160
0 7 9 10 11 12 13 14 15 17 18 19 20 23 26 27 31 32 33 37 38 39 40 41 42 44 46 47 48 51 53 55 57 58 69 70 73 79 80 83 87 88 89 92 94 97 103 106 107 108 118 124 126 132 137 142 146 147 150 152 154 155 158 161 163 167 169 171 172 174 175 176 178 179 181 182 183 185 187 189 190 191 197 199 
161
0 3 6 9 12 13 14 15 16 17 19 26 27 30 31 32 33 37 38 41 42 43 44 45 46 47 50 51 53 54 55 57 58 59 61 62 65 67 73 78 81 82 89 90 101 103 107 108 118 124 125 126 132 137 138 139 140 142 146 147 150 154 158 160 163 167 169 171 174 175 179 181 182 183 185 189 190 191 193 197 
162
2 8 11 16 20 21 24 25 28 29 35 36 42 45 49 52 56 60 63 64 65 66 67 68 70 71 72 74 75 77 80 81 83 85 93 98 99 100 105 110 111 113 114 116 117 119 120 122 130 131 134 136 137 140 142 143 148 149 151 152 153 156 159 164 165 168 173 176 177 180 181 186 188 193 194 195 196 
163
0 3 4 6 7 9 12 13 14 15 18 19 26 30 31 32 33 37 39 40 41 42 44 45 46 47 50 51 52 53 54 55 58 61 62 70 75 78 79 82 83 84 87 90 92 94 97 101 107 115 118 122 123 124 125 126 128 132 133 137 139 143 146 147 150 154 160 161 165 167 169 175 178 182 183 187 189 190 191 192 197 199 
164
0 1 2 8 10 16 20 21 22 23 24 25 28 29 31 34 35 36 43 47 49 52 59 60 63 64 65 68 69 70 71 72 74 75 76 79 80 81 83 91 93 95 96 99 100 102 105 109 110 111 112 113 116 117 119 120 121 122 123 124 130 131 133 134 135 138 144 145 148 149 151 152 156 157 159 162 165 166 169 172 173 176 177 184 186 188 193 194 195 196 198 
165
8 16 20 23 24 25 28 34 35 36 43 46 49 52 56 60 63 64 66 68 71 72 75 76 77 80 83 85 86 91 95 96 99 100 102 104 105 106 109 110 111 112 113 114 116 119 120 121 122 123 127 129 130 131 133 134 135 136 138 141 148 149 151 152 156 159 162 163 164 166 168 170 172 173 177 179 184 186 188 193 194 195 196 198 
166
1 8 9 16 20 22 28 29 34 35 36 43 49 63 64 66 67 68 70 71 72 74 77 81 85 86 91 95 96 98 99 100 104 105 110 111 113 114 116 117 119 120 121 122 123 125 130 131 134 135 136 144 148 149 151 152 153 156 157 164 165 168 170 173 176 177 180 185 186 188 193 194 196 198 
167
0 3 4 5 6 7 9 10 12 13 14 17 18 25 27 30 31 33 37 39 40 42 44 45 46 47 50 53 54 55 57 58 61 67 78 82 83 84 88 89 90 92 94 97 101 103 105 107 118 124 125 126 128 137 139 140 142 143 146 147 150 152 154 155 160 161 163 169 171 174 175 178 179 181 182 183 185 187 189 190 192 197 199 
168
1 2 8 11 20 21 23 24 25 28 29 34 35 42 43 49 52 53 56 59 60 64 65 68 71 72 75 76 77 80 81 83 84 86 91 93 96 98 99 100 104 105 109 111 112 114 116 117 119 120 121 122 123 129 130 133 134 135 136 138 145 148 149 151 152 153 156 159 162 165 166 170 172 173 176 178 184 186 193 194 196 197 
169
0 3 4 5 6 7 10 12 13 14 15 17 19 26 30 32 37 38 39 41 44 45 46 47 51 53 57 58 61 62 67 69 73 78 79 82 84 88 89 94 97 105 107 108 113 115 118 124 125 126 128 138 139 140 142 143 146 147 150 154 155 160 161 163 164 167 171 174 175 178 181 182 183 190 191 192 197 199 
170
1 2 8 10 11 12 16 21 22 23 24 25 28 29 34 35 36 43 52 55 56 59 61 63 64 65 68 70 71 72 75 76 80 81 85 93 95 96 100 102 105 110 111 112 114 117 120 121 122 127 129 130 131 133 134 135 136 141 144 145 148 149 151 152 153 156 157 165 166 168 173 175 176 177 180 184 188 193 194 195 196 
171
0 4 5 7 10 12 13 14 15 17 18 19 23 26 27 30 31 32 33 34 37 38 39 41 42 48 50 51 53 57 58 67 73 78 84 87 88 89 90 91 92 94 97 101 103 107 108 109 110 115 118 121 124 126 128 137 138 139 140 142 146 147 150 154 158 160 161 167 169 174 175 178 179 181 182 183 185 187 190 192 193 197 199 
172
1 2 8 11 16 22 24 25 28 29 34 35 36 43 45 48 49 56 57 59 60 63 64 65 66 67 68 70 71 74 76 77 80 86 91 95 96 98 99 100 102 104 105 109 110 111 114 116 117 120 122 127 131 133 134 135 136 141 145 152 153 156 157 159 160 164 165 168 173 176 177 180 184 186 193 195 196 198 
173
1 7 11 20 22 23 24 25 28 29 34 35 48 49 52 59 60 63 66 68 71 72 75 76 77 80 81 91 95 99 100 104 108 109 110 112 113 114 116 117 119 120 121 123 127 129 130 131 134 136 141 148 149 151 152 153 156 157 162 164 165 166 168 170 172 176 177 180 183 184 186 188 193 194 195 196 198 
174
3 5 6 7 10 12 13 15 17 18 26 27 30 31 32 33 37 38 39 40 41 42 44 45 46 47 48 50 51 53 54 57 58 61 62 69 79 82 84 87 90 92 94 101 103 106 107 108 115 118 119 124 126 128 132 133 137 138 139 140 142 146 147 150 151 154 160 161 167 169 171 175 179 181 182 183 189 190 192 197 199 
175
5 6 7 9 12 13 14 15 17 19 30 31 32 33 37 38 39 40 41 44 45 47 50 51 53 54 58 61 62 69 73 78 79 82 84 87 88 89 90 92 94 96 97 101 103 106 107 108 115 118 122 124 125 126 132 137 138 139 140 142 143 146 147 150 154 155 158 159 160 161 163 167 169 170 171 174 178 179 181 183 185 187 189 190 191 192 197 199 
176
2 8 10 11 16 21 22 24 25 29 34 35 36 43 49 52 55 56 60 63 64 66 68 70 71 72 75 77 80 81 83 85 86 95 96 98 99 100 102 104 109 111 113 114 117 121 122 123 127 129 130 131 133 136 140 144 145 149 150 151 152 153 156 157 159 160 162 164 166 168 170 172 173 177 180 184 186 188 194 195 197 
177
1 8 11 12 16 18 21 22 23 24 25 28 29 34 35 36 37 43 45 47 49 52 56 59 60 63 64 65 66 68 70 72 74 75 76 80 83 85 86 91 92 93 95 96 98 99 100 102 104 105 109 110 112 116 117 119 120 121 122 127 129 130 131 134 135 141 144 148 149 151 153 156 157 159 162 164 165 166 170 172 173 176 180 184 186 188 193 194 195 197 198 
178
0 3 4 6 9 12 14 17 19 26 27 28 32 33 37 39 42 45 46 47 48 50 51 53 54 55 56 57 58 59 69 71 73 78 79 84 88 89 90 92 97 101 102 103 106 107 115 116 118 124 125 128 132 137 138 140 142 146 150 154 155 158 159 160 163 167 168 169 171 175 179 180 181 182 185 191 197 199 
179
0 2 3 4 5 6 7 12 14 17 19 26 27 30 31 32 38 39 40 41 42 44 45 46 48 50 51 53 54 57 58 60 61 62 67 69 73 78 79 82 84 87 91 92 94 97 103 106 107 108 115 118 124 125 128 132 139 140 142 143 146 150 158 160 161 165 167 171 174 175 178 181 182 183 186 189 190 192 197 
180
1 2 11 16 20 21 22 23 24 26 28 29 34 36 43 49 52 60 63 64 66 67 68 70 71 72 74 76 77 80 81 83 91 93 95 98 99 100 102 104 109 111 112 114 116 119 120 121 122 127 129 130 131 133 134 135 136 141 144 148 151 152 153 156 159 162 166 170 172 173 176 177 178 184 185 186 188 193 194 195 196 198 
181
0 4 5 6 7 9 10 12 13 14 15 17 18 26 30 31 32 33 38 39 40 42 44 46 47 48 54 55 57 61 62 68 69 79 82 84 87 89 90 92 94 97 101 103 106 107 108 115 124 126 128 132 137 138 139 143 146 147 154 158 160 161 162 167 169 171 174 175 178 179 182 183 185 190 191 192 197 
182
3 4 7 10 13 14 15 17 19 26 27 32 33 37 38 39 41 42 44 45 46 47 51 53 54 55 57 58 61 62 63 67 69 73 81 82 84 87 88 92 94 97 101 103 106 107 108 113 115 118 125 126 132 137 138 139 140 146 147 150 154 155 158 160 161 163 167 169 171 174 178 179 181 185 187 189 197 199 
183
0 3 5 6 9 10 13 17 18 19 20 26 27 29 32 33 38 39 40 41 44 45 46 47 48 50 51 53 54 55 58 61 62 67 69 73 74 79 82 84 86 87 88 89 97 101 103 106 108 110 115 118 124 125 126 128 132 137 138 139 140 142 143 146 151 154 155 158 160 161 163 167 169 171 173 174 175 179 181 185 187 188 189 190 192 197 
184
1 2 8 11 21 24 25 29 32 34 35 43 49 52 55 56 59 60 63 64 65 66 68 70 71 74 77 80 81 83 85 91 93 95 96 98 99 100 105 109 110 111 113 116 117 119 120 121 122 123 127 129 131 133 135 141 144 148 149 152 153 156 157 159 164 165 168 170 172 173 176 177 180 186 187 188 194 196 198 
185
3 4 5 7 9 10 11 17 18 19 26 27 30 31 32 33 37 38 39 44 45 46 47 50 53 54 55 57 58 61 62 66 67 73 78 79 82 87 88 89 92 94 101 103 106 107 108 115 119 125 128 132 137 139 140 142 143 150 158 160 161 166 167 171 175 178 180 181 182 183 187 189 190 191 192 197 199 
186
1 2 8 11 22 23 24 29 35 36 43 49 56 63 65 72 74 75 81 83 85 86 93 95 97 98 100 102 104 105 109 110 111 112 113 114 119 120 121 123 125 129 134 135 136 141 144 145 148 149 151 156 159 162 164 165 166 168 172 173 176 177 179 180 184 188 193 194 195 196 
187
4 5 6 9 10 13 14 17 19 27 30 32 33 41 42 44 45 46 50 51 52 53 54 55 57 58 59 61 67 69 73 78 79 82 84 87 88 89 90 92 94 97 98 106 107 108 113 115 118 119 122 124 125 126 128 132 138 139 142 143 147 150 154 155 160 163 167 171 175 182 183 184 185 189 190 191 192 197 199 
188
1 7 8 20 21 22 25 28 29 35 36 49 56 60 64 66 68 69 70 71 72 74 75 76 77 80 83 86 91 93 95 99 102 104 105 107 109 112 113 114 116 117 120 121 122 123 127 129 131 132 133 134 135 136 141 143 144 145 148 149 151 152 156 158 162 164 165 166 170 173 176 177 180 183 184 186 193 194 195 196 198 
189
0 3 4 5 6 7 10 12 13 18 19 26 27 32 37 38 39 40 41 44 45 46 47 57 58 61 62 64 67 69 73 78 79 82 87 88 90 94 97 101 102 103 106 107 108 122 124 125 126 128 132 137 138 140 142 143 144 146 147 150 155 158 160 161 163 167 174 175 179 182 183 185 187 190 191 197 
190
0 2 4 5 9 10 12 14 15 17 18 19 27 30 32 37 38 39 41 42 44 45 46 47 48 50 54 55 58 61 73 78 82 84 87 89 90 91 92 97 106 107 108 115 118 128 134 138 139 140 142 143 146 147 150 154 155 158 160 161 163 167 169 171 174 175 179 181 183 185 187 189 191 192 199 
191
0 3 5 6 7 9 10 12 13 14 15 19 25 26 30 31 32 33 37 38 39 40 42 46 47 48 50 51 53 54 55 58 62 69 73 82 84 88 89 92 94 97 106 107 115 118 125 126 128 130 131 132 137 140 141 142 143 146 147 154 158 160 161 163 169 175 178 181 185 187 189 190 197 199 
192
3 4 5 6 7 8 9 10 14 15 16 17 18 19 26 33 38 41 45 46 48 50 53 54 61 62 67 69 78 79 84 87 88 89 92 93 94 97 98 103 106 107 115 118 124 125 131 132 137 139 140 142 143 144 146 147 150 154 155 158 163 167 169 171 174 175 179 181 183 185 187 190 199 
193
1 2 11 16 21 22 24 25 34 35 36 43 56 59 60 63 65 66 68 70 71 72 74 75 76 77 80 81 83 85 91 93 95 96 98 99 100 102 104 109 110 111 112 116 119 120 121 122 123 127 129 130 131 133 134 135 136 141 145 148 151 152 153 156 157 159 161 162 164 165 166 168 170 171 172 173 177 180 186 188 194 195 196 198 199 
194
1 2 8 11 16 20 21 22 23 24 25 28 29 34 36 51 54 56 59 60 63 64 66 68 70 71 72 75 76 77 80 81 83 86 91 93 95 98 99 100 102 104 105 109 110 112 113 116 117 119 121 122 129 130 131 133 134 136 141 144 149 151 152 153 157 159 162 164 165 166 168 170 173 176 177 180 184 186 188 193 195 196 
195
1 2 11 18 20 22 23 24 25 28 29 34 35 36 43 52 59 60 64 65 66 68 70 71 72 74 75 76 77 80 82 85 86 91 93 95 96 98 99 102 104 105 109 110 111 112 113 114 116 117 120 121 129 131 133 134 135 141 144 145 151 153 156 157 159 162 164 165 170 172 173 176 177 180 186 188 193 194 198 
196
1 4 7 8 10 15 16 22 23 28 30 35 36 39 49 52 56 57 59 63 65 71 72 74 75 77 80 83 85 93 95 96 98 99 100 101 102 104 109 110 111 112 113 114 116 117 119 120 121 123 127 130 131 133 136 145 148 149 152 153 156 157 159 162 164 165 166 168 170 172 173 180 184 186 188 193 194 198 
197
0 3 4 5 6 7 10 13 14 15 18 19 24 26 27 30 31 32 33 38 39 40 41 45 46 47 50 51 54 55 57 58 61 62 67 69 71 73 79 82 84 85 87 88 89 90 92 94 97 105 106 107 115 118 120 124 126 127 128 132 137 138 139 142 143 146 147 150 154 155 158 160 161 163 167 168 169 171 174 175 176 177 178 179 181 182 183 185 187 189 191 199 
198
2 8 16 21 22 24 27 28 29 34 36 49 52 56 59 60 63 64 66 68 70 75 77 80 81 83 84 85 86 93 95 96 98 99 100 102 104 105 110 112 113 114 116 117 120 121 123 127 131 133 134 135 136 144 145 148 149 153 156 157 159 164 165 166 172 173 177 180 184 188 193 195 196 
199
0 4 5 6 7 9 10 12 13 14 15 18 19 26 30 31 32 33 35 37 40 41 42 44 45 46 47 48 50 51 54 55 57 58 61 62 67 69 73 78 79 82 87 90 92 94 97 100 103 106 107 108 115 118 124 125 126 128 131 132 138 139 140 141 142 150 155 158 160 163 167 169 171 174 175 178 182 185 187 190 191 192 193 197